Glider
 0 0 1 1 -1 2 0 2 1 2
Small Exploder
 0 0 -1 1 0 1 1 1 -1 2 1 2 0 3
Exploder
 0 0 2 0 4 0 0 1 4 1 0 2 4 2 0 3 4 3 0 4 2 4 4 4
10 Cell Row
 0 0 1 0 2 0 3 0 4 0 5 0 6 0 7 0 8 0 9 0
Lightweight spaceship
 0 0 1 0 2 0 3 0 -1 1 3 1 3 2 -1 3 2 3
Tumbler
 0 0 1 0 3 0 4 0 0 1 1 1 3 1 4 1 1 2 3 2 -1 3 1 3 3 3 5 3 -1 4 1 4 3 4 5 4 -1 5 0 5 4 5 5 5
Gosper Gilder Gun
 0 0 1 0 11 0 12 0 -1 1 1 1 11 1 12 1 -23 2 -22 2 -14 2 -13 2 -1 2 0 2 -23 3 -22 3 -15 3 -13 3 -15 4 -14 4 -7 4 -6 4 -7 5 -5 5 -7 6 11 7 12 7 11 8 13 8 11 9 0 12 1 12 2 12 0 13 1 14
Diehard
 0 0 -6 1 -5 1 -5 2 -1 2 0 2 1 2
Acorn
 0 0 2 1 -1 2 0 2 3 2 4 2 5 2
Glider Gun
 0 0 -2 1 0 1 -12 2 -11 2 -4 2 -3 2 10 2 11 2 -13 3 -9 3 -4 3 -3 3 10 3 11 3 -24 4 -23 4 -14 4 -8 4 -4 4 -3 4 -24 5 -23 5 -14 5 -10 5 -8 5 -7 5 -2 5 0 5 -14 6 -8 6 0 6 -13 7 -9 7 -12 8 -11 8
Infinito 1
 0 0 -2 1 0 1 1 1 -2 2 0 2 -2 3 -4 4 -6 5 -4 5
Infinito 2
 0 0 1 0 2 0 4 0 0 1 3 2 4 2 1 3 2 3 4 3 0 4 2 4 4 4
Infinito 3
 0 0 1 0 2 0 3 0 4 0 5 0 6 0 7 0 9 0 10 0 11 0 12 0 13 0 17 0 18 0 19 0 26 0 27 0 28 0 29 0 30 0 31 0 32 0 34 0 35 0 36 0 37 0 38 0
